$ANSIBLE_VAULT;1.1;AES256
37373132383464656639376664313165356464303462353734303061343633306137616335316631
3063386238613831616335336334623061363634383338390a386130346531393165336335343938
33346465326164353138373538363230623037363264396438653434636639306439343164363565
6630353234393139390a636261333662356132373239333066613931373739303938666531336331
63343862663932346237623237393064386333383334303830356239383738383466613365363933
36633631633138346264643761363636626331383962356265323337343636313539633139313030
32626237626332306537656538333164633034363538386130396138303233626137396438613334
35653866653965313933613236623562353938653634643239356234623433356461333036316538
66313031396639303864653261323262333036316535666164353833633838396433646663393838
35663234373039376261646361636430393539643165323662353063623939326166643362333966
66336238363133633734613631636364653735376335373936306233313037386535343139323863
30346134346263623631633038376236376665336239393835656435316335363434613333336433
36633835653232666138346232346236346431623430643731623162393263306466313365623930
64373338386331306431363635663962333463333064376533313066653562356635343138656633
62343530663931323739643363323337306364666464376630333061313366343937346366383437
39333630303435316339653736626138383132383031333234383866656634623762333164376139
38393231336532623361366631623261313036366436663133333932333266333964383837306233
65396535393231396138633265633738336334323366636165656565363939663463376665613137
37386465396539356337613766616362323033643234636330653361613335303365366332666638
66653031663061373235616236653834323430393335316366393239393066303939326631636632
39326232393830356236663535323232303465646339326438613161303034323933623638646231
34313961306331636461323661643239386637323839306164313035666535303465353634333065
31313737633038663333616639656137373330336664353233313338323766663139386336363665
35326663336636323466626232306631626463303264376236313835353466653134646638356630
64653866376631386531353435376664613132353765633064303337616438653664373966303566
6331333065393332396463326161326461646535383535353334
